Nested CV scores: [0.5712143928035982, 0.5357142857142857, 0.4152923538230885, 0.5272727272727272, 0.5762962962962963]
Mean: 0.5252, Std: 0.0582
Elapsed: 18.3s
